file
	000000 00011 10000
	0011111111111100
	000000 00011 01111
	0011111111111100
	001000  10000 01111
	0000000000000000
	000000 01111 10000
	0000000000000000
	000000  10000 10001
	0000000000000000
	000000 00011 10000
	0011111111111100
	001000  10000 10000
	0000000000000000
	000000 00011 01111
	0011111111111100
	001000  10000 01111
	0000000000000000
	000000  10001 10000
	0000000000000000
	000000  10000 01111
	0000000000000000
	000000 00011 10011
	0000000000000001
	001000 10011 00011
	0011111111111100
	000000 00011 10000
	0011111111111100
	000000 00011 01111
	0011111111111100
	001000  10000 01111
	0000000000000000
	000000 01111 10000
	0000000000000000
	000000 00011 10000
	0011111111111100
	001000  10000 10000
	0000000000000000
	000000 00011 01111
	0011111111111100
	001000  10000 01111
	0000000000000000
	000000 01110 11110
	0000000000000000
	000000 00011 10000
	0100000000000000
	000000  10000 00011
	0100000000000000
	000000 00011 10011
	0100000000000000
	000000 10011 00011
	0100000000000000
	000000 00011 10101
	0000000000000000
	000000 01100 10101
	0000000000000110
	000000 10101 01110
	0000000000000000
	000000 00011 00100
	0000000000000000
	000000 00011 10000
	0100000000001000
	000000  10000 00011
	0100000000001000
	000000 00011 10101
	0000000000000000
	000000 01100 10101
	0000000000000110
	000000 10101 01110
	0000000000000000
	000000 00011 00100
	0000000001110110
	000000 01110 11110
	0000000000000000
	000000 00011 10000
	0000000000000010
	000000  10000 00011
	0100000000001000
	000000 00011 10000
	0000000000000001
	000000 00011 10111
	0100000000001000
	000000  10000 10110
	0000000000000000
	001010 00011 10000
	0100000000001000
	011011 00011 00100
	0000000001011000
	000000 00011 10011
	0000000000000001
	001000 10011 00011
	0100000000001000
	000000 00011 01010
	0000000000000101
	000000 01010 00011
	0100000000001000
	000000 00011 01010
	0000000000000001
	000000 01010 00011
	0100000000000110
	000000 00011 10101
	0000000000000000
	000000 01100 10101
	0000000000000110
	000000 10101 01110
	0000000000000000
	000000 00011 00100
	0000000001110000
	000000 00011 10000
	0000000000000000
	000000 01110 11110
	0000000000000000
	000000 00011 10000
	0100000000010000
	001000 00011 10000
	0100000000010000
	000000 01110 11110
	0000000000000000
	000000 00011 01111
	0100000000010000
	001000 00011 01111
	0000000000000001
	000000 01111 10000
	0000000000000000
	011011 00011 00100
	0000000010000000
	000000 00011 00100
	0000000001111000
	000000 01110 11110
	0000000000000000
